-1.724063799999999924e+00
-1.491593799999999970e+00
-1.169705299999999948e+00
-8.878142300000000375e-01
-5.590466099999999994e-01
5.432508799999999916e-01
8.653351799999999816e-01
1.152269800000000011e+00
1.501033700000000026e+00
1.707187800000000033e+00
3.840295500000000034e-04
1.276577500000000047e-03
4.167910500000000101e-03
5.195597700000000388e-03
-3.441437600000000208e-01
-1.494429200000000069e-01
-1.667031500000000033e-04
1.435414399999999924e-01
3.403547100000000047e-01
-1.340610800000000102e+00
-1.111677199999999921e+00
-8.170671900000000543e-01
-5.478188699999999578e-01
-8.712552799999999653e-01
-1.134165499999999938e+00
5.613920999999999495e-01
8.480889000000000344e-01
1.121344099999999955e+00
1.367118999999999973e+00
1.151975600000000099e+00
8.928967700000000063e-01
-7.651556000000000468e-01
-4.716919600000000212e-01
-1.950316300000000114e-01
-9.923780499999999404e-04
2.344008999999999954e-01
5.242613999999999885e-01
7.628191600000000516e-01
5.648015299999999961e-01
3.320918999999999954e-01
-4.893607200000000407e-04
-3.313163499999999817e-01
-5.588358199999999831e-01
-6.733770100000000536e-01
-2.558084600000000153e-01
-3.640631699999999880e-03
2.486523200000000100e-01
7.081884699999999588e-01
2.502085299999999846e-01
-2.971545899999999789e-03
-2.542331700000000083e-01
