-1.252445199999999925e+00
-1.433963799999999900e+00
-1.491737300000000044e+00
-1.455227199999999943e+00
-1.395765300000000098e+00
-1.401875200000000099e+00
-1.434191200000000110e+00
-1.471950899999999951e+00
-1.412543399999999894e+00
-1.276095699999999944e+00
-9.093019500000000255e-01
-6.039797999999999556e-01
-3.129526799999999831e-01
-1.398949099999999973e-02
3.479426700000000094e-01
3.605088900000000263e-01
3.958766899999999755e-01
3.619446499999999789e-01
3.473533300000000157e-01
-8.757755200000000295e-01
-9.944676500000000363e-01
-1.021006000000000080e+00
-8.765402799999999495e-01
-7.735699299999999612e-01
-7.584564599999999990e-01
-8.867395300000000535e-01
-1.026242099999999935e+00
-9.818754400000000437e-01
-8.781537600000000054e-01
-7.652474099999999613e-01
-7.681098800000000226e-01
1.133366099999999932e+00
9.519979899999999606e-01
8.361222400000000166e-01
8.720662900000000217e-01
8.414458500000000507e-01
9.477225299999999519e-01
1.124486199999999991e+00
1.208902499999999991e+00
1.276813299999999929e+00
1.304998899999999962e+00
1.277153699999999947e+00
1.191340499999999913e+00
1.110282400000000003e+00
1.038148400000000082e+00
1.050465999999999900e+00
1.040259499999999893e+00
1.108522800000000030e+00
1.055738800000000088e+00
1.067012400000000083e+00
1.054490900000000009e+00
