2.984086499999999975e-01
-6.323298400000000596e-02
-3.036543500000000173e-01
-4.188981199999999849e-01
-4.888691600000000248e-01
-4.861610699999999730e-01
-4.025080400000000114e-01
-3.023999299999999835e-01
-4.847322099999999689e-02
2.792803400000000158e-01
-6.083208599999999633e-01
-8.387817899999999716e-01
-1.059228800000000081e+00
-1.241410300000000078e+00
-6.085325900000000399e-01
-7.260263599999999817e-01
-8.132695199999999680e-01
-7.253781900000000338e-01
-6.082082699999999953e-01
1.408249199999999923e-01
-6.817009799999999842e-02
-1.356429000000000107e-01
-3.156851399999999891e-02
-1.104636600000000052e-01
-4.469160099999999747e-02
-4.881308599999999859e-02
-1.234077499999999966e-01
-4.611112199999999745e-02
1.517670200000000025e-01
-2.646158499999999927e-02
-1.021629899999999952e-01
-2.413864599999999971e-01
-5.944454999999999600e-01
-7.561328200000000388e-01
-7.785825299999999949e-01
-7.427084900000000545e-01
-5.584624099999999647e-01
-2.325165200000000043e-01
-4.327148399999999895e-01
-6.248009100000000426e-01
-6.960847700000000193e-01
-6.277150799999999808e-01
-4.252554700000000243e-01
-2.795312200000000247e-01
-5.909401499999999974e-01
-6.343795500000000143e-01
-5.913078099999999893e-01
-2.494042700000000112e-01
-5.735877099999999729e-01
-6.136079599999999523e-01
-5.718751899999999777e-01
